00008061
00008062
00008063
00008064
00008084
00008086
00008088
00008089
00008140
00008141
00008142
00008143
00008144
00008145
00008146
00008147
00008148
00008149
00008150
00008151
00008152
00008153
00008154
00008227
00008228
00008229
00008230
00008332
00008334
00008336
00008338
00008340
00008342
00008344
00008346
00322468
00322469
00322470
00322471
00322596
00322597
00322598
00322599
00325448
00325449
00325450
00325451
00325452
00325453
00325454
00673229
00673233
00673251
00673258
00673265
00673298
00673304
00673318
00673321
00673327
00673348
00673349
00673456
00673470
00673483
00673490
00673665
00673712
00673736
00673968
00673977
00673984
00674002
00674005
00674010
00674048
00674082
00674089
00674193
00674202
00674210
00674213
00674220
00674225
00674229
00674234
00674269
00674282
00674283
00674289
00674297
00674302
00674308
00674317
00674330
00674343
00674348
00674353
00674359
00674363
00674370
00674377
00674388
00674394
00674397
00674398
00674399
00674400
00674401
00674402
00674403
00674404
00674405
00674406
00674407
00674408
00674409
00674410
00674411
00674412
00674413
00674414
00674415
00674416
00674417
00674418
00674434
00674454
00674476
00674478
00674479
00674480
00674486
00674488
00674495
00674497
00674509
00674521
00674522
00674526
00674531
00674544
00674545
00674547
00674548
00674549
00674550
00674552
00674576
00674588
00674589
00674590
00674591
00674594
00674599
00674601
00674603
00674607
00674613
00674614
00674615
00674616
00674618
00674623
00674628
00674631
00674632
00674637
00674642
00674646
00674651
00674654
00674655
00674660
00674667
00674669
00674672
00674674
00674680
00674687
00674689
00674692
00674695
00674699
00674702
00674706
00674716
00674734
00674735
00674736
00674743
00674750
00674751
00674756
00674761
00674762
00674763
00674764
00674773
00674775
00674781
00674782
00674783
00674784
00674785
00674786
00674787
00674788
00674789
00674790
00674834
00674849
00674850
00674851
00674852
00674887
00674889
00674890
00674892
00674897
00674898
00674915
00674926
00674974
00674978
00674983
00675013
00675017
00675018
00675052
00675060
00675065
00675075
00675076
00675077
00675078
00675106
00675110
00675115
00675153
00675162
00675164
00675171
00675172
00675211
00675214
00675224
00675229
00675230
00675231
00675232
00675233
00675234
00675235
00675236
00675238
00675243
00675245
00675246
00675247
00675248
00675252
00675253
00675254
00675255
00675256
00675269
00675270
00675271
00675272
00675273
00675274
00675275
00675276
00675282
00675290
00675291
00675293
00675294
00675295
00675297
00675298
00675299
00675300
00675304
00675309
00675310
00675311
00675312
00675313
00675314
00675315
00675316
00675317
00675318
00675324
00675328
00675329
00675330
00675331
00675332
00675340
00675344
00675346
00675351
00675352
00675356
00675367
00675392
00675400
00675430
00675458
00675459
00675460
00675461
00675463
00675472
00675473
00675481
00675489
00675495
00675506
00675515
00675527
00675532
00675541
00675547
00675549
00675555
00675562
00675569
00675571
00675574
00675581
00675590
00675598
00675604
00675624
00675631
00675639
00675644
00675647
00675654
00675656
00675661
00675669
00675684
00675685
00675688
00675689
00675690
00675691
00675693
00675698
00675710
00675715
00675721
00675725
00675728
00675743
00675746
00675754
00675755
00675756
00675757
00675758
00675759
00675766
00675771
00675775
00675788
00675790
00680324
00680325
00680326
00680327
00680328
00680329
00680330
00680331
00680332
00680333
00680334
00680335
00682593
00682594
00682595
00682596
00682597
00682598
00682599
00682600
00682601
00682602
00682991
00682995
00696564
00710042
00720530
00720531
00728917
00730456
00730462
00736953
00737526
00737588
00745852
00748237
00748238
00749783
00749784
00755846
00760392
00760399
00761860
00761861
00761862
00761863
00761864
00761865
00761866
00761867
00761880
00761882
00761887
00761888
00761889
00761890
00761933
00761962
00761968
00761970
00761972
00761975
00761976
00761977
00761978
00761979
00761992
00762016
00762020
00762028
00762134
00762142
00762144
00762164
00762169
00762177
00762178
00762179
00762180
00762181
00762182
00762219
00762251
00762252
00762329
00762378
00762384
00762437
00762476
00762782
00762783
00762784
00762785
