00451868
00451869
00451870
00451871
00451872
00451873
00451874
00451875
00451876
00451877
00451878
00451879
00451880
00451881
00451882
00451883
00451884
00451885
00451886
00451887
00451888
00451889
00451890
00451891
00451892
00451893
00451894
00451895
00451896
00451897
00451898
00451899
00451900
00451901
00451902
00451903
00451904
00451905
00451906
00451907
00451908
00451909
00451910
00451911
00451912
00451913
00451914
00451915
00451916
00451917
00451918
00451919
00451920
00451921
00451922
00451923
00451924
00451925
00451926
00451927
00451928
00451929
00451930
00451931
00451932
00451933
00451934
00451935
00451936
00451937
00451938
00451939
00451940
00451941
00451942
00451943
00451944
00451945
00451946
00451947
00451948
00451949
00451950
00451951
00451952
00451953
00451954
00451955
00451956
00451957
00451958
00451959
00451960
00451961
00451962
00451963
00451964
00451965
00451966
00451967
