00046893
00046895
00046896
00046897
00046898
00046899
00046900
00046901
00046902
00046903
00046905
00046906
00046907
00046908
00046909
00046910
00046911
00046912
00046913
00046914
00046915
00046916
00046917
00046918
00046919
00046920
00046921
00046922
00046923
00046924
00046925
00046926
00046927
00046928
00046929
00046930
00046931
00046932
00046933
00046934
00046935
00046936
00046937
00046938
00046939
00046940
00046941
00046942
00046943
00046944
00046945
00046946
00046947
00046948
00046949
00046950
00046951
00046952
00046953
00046954
00046955
00046956
00046957
00046958
00046959
00046960
00046961
00046962
00046963
00046964
00046965
00046966
00046967
00046968
00046969
00046970
00046971
00046972
00046973
00046974
00046975
00046976
00046977
00046978
00046979
00046980
00046981
00046982
00046983
00046984
00046985
00046986
00046987
00046988
00046989
00046990
00046991
00046992
00046993
00046994
00046995
00046996
00046997
00046998
00046999
00047000
00047001
00047002
00310010
00451868
00451869
00451870
00451871
00451872
00451873
00451874
00451875
00451876
00451877
00451878
00451879
00451880
00451881
00451882
00451883
00451884
00451885
00451886
00451887
00451888
00451889
00451890
00451891
00451892
00451893
00451894
00451895
00451896
00451897
00451898
00451899
00451900
00451901
00451902
00451903
00451904
00451905
00451906
00451907
00451908
00451909
00451910
00451911
00451912
00451913
00451914
00451915
00451916
00451917
00451918
00451919
00451920
00451921
00451922
00451923
00451924
00451925
00451926
00451927
00451928
00451929
00451930
00451931
00451932
00451933
00451934
00451935
00451936
00451937
00451938
00451939
00451940
00451941
00451942
00451943
00451944
00451945
00451946
00451947
00451948
00451949
00451950
00451951
00451952
00451953
00451954
00451955
00451956
00451957
00451958
00451959
00451960
00451961
00451962
00451963
00451964
00451965
00451966
00451967
00525435
00525436
00525437
00525438
00525439
00525440
00525441
00525442
00525443
00525444
00525445
00525446
00525447
00525448
00525449
00525450
00525451
00525452
00525453
00525454
00525455
00525456
00525457
00525458
00525459
00525460
00525461
00525462
00525463
00525464
00525465
00525466
00525467
00525468
00525469
00525470
00525471
00525472
00525473
00525474
00525475
00525476
00525477
00525478
00525479
00525480
00525481
00525482
00525483
00525484
00525485
00525486
00525487
00525488
00525489
00525490
00525491
00525492
00525493
00525494
00525495
00525496
00525497
00525498
00525499
00525500
00525501
00525502
00525503
00539273
00539275
00539276
00539277
00539278
00539279
00539280
00539281
00539282
00539283
00539284
00539285
00539286
00539287
00539288
00539289
00539290
00539291
00539292
00539293
00539294
00539295
00539296
00539297
00539298
00539299
00539300
00539301
00539302
00539303
00539304
00539305
00539306
00539307
00539308
00539309
00539310
00539311
00539312
00539313
00539314
00539315
00539316
00539317
00539318
00539319
00539320
00539321
00539322
00539323
00539324
00539325
00539326
00539327
00539328
00539329
00539330
00539331
00539332
00539333
00539334
00539335
00539336
00539337
00539338
00539339
00539340
00539341
00539342
00539343
00539344
00539345
00539346
00539347
00539348
00539349
00539350
00539351
00539352
00539353
00539354
00539355
00539356
00539357
00539358
00539359
00539360
00539361
00539362
00539363
00539364
00539365
00539366
00539367
00539368
00539369
00539370
00539371
00539372
00539373
