00673968
00673977
00673984
00674002
00674005
00674010
00674048
00674082
00674089
00674193
00674202
00674210
00674213
00674220
00674225
00674229
00674234
00674269
00674282
00674283
00674289
00674297
00674302
00674308
00674317
00674330
00674343
00674348
00674353
00674359
00674363
00674370
00674377
00674388
00674394
00674397
00674398
00674399
00674400
00674401
00674402
00674403
00674404
00674405
00674406
00674407
00674408
00674409
00674410
00674411
00674412
00674413
00674414
00674415
00674416
00674417
00674418
00674434
00674454
00674761
00674762
00674763
00674764
00675515
00675527
00675532
00675541
00675547
00675549
00675555
00675562
00675569
00675571
00675574
00675581
00675590
00675598
00675604
00675624
00675631
00675639
00675644
00675647
00675654
00675656
00675661
00675669
00675684
00675685
00675688
00675689
00675690
00675691
00675693
00675698
00675710
00675715
00675721
00675725
00675728
00675743
00675746
00675754
00675755
00675756
00675757
00675758
00675759
00675766
00675771
00675775
00675788
00675790
00680324
00680325
00680326
00680327
00680328
00680329
00680330
00680331
00680332
00680333
00680334
00680335
00682593
00682594
00682595
00682596
00682597
00682598
00682599
00682600
00682601
00682602
00682991
00682995
00696564
00710042
00720530
00720531
00728917
00730456
00730462
00736953
00737526
00737588
00745852
00748237
00748238
00749783
00749784
00755846
00760392
00760399
00761860
00761861
00761862
00761863
00761864
00761865
00761866
00761867
00761975
00761976
00761977
00761978
00761979
00761992
