00046893
00046895
00046896
00046897
00046898
00046899
00046900
00046901
00046902
00046903
00046905
00046906
00046907
00046908
00046909
00046910
00046911
00046912
00046913
00046914
00046915
00046916
00046917
00046918
00046919
00046920
00046921
00046922
00046923
00046924
00046925
00046926
00046927
00046928
00046929
00046930
00046931
00046932
00046933
00046934
00046935
00046936
00046937
00046938
00046939
00046940
00046941
00046942
00046943
00046944
00046945
00046946
00046947
00046948
00046949
00046950
00046951
00046952
00046953
00046954
00046955
00046956
00046957
00046958
00046959
00046960
00046961
00046962
00046963
00046964
00046965
00046966
00046967
00046968
00046969
00046970
00046971
00046972
00046973
00046974
00046975
00046976
00046977
00046978
00046979
00046980
00046981
00046982
00046983
00046984
00046985
00046986
00046987
00046988
00046989
00046990
00046991
00046992
00046993
00046994
00046995
00046996
00046997
00046998
00046999
00047000
00047001
00047002
