00539273
00539275
00539276
00539277
00539278
00539279
00539280
00539281
00539282
00539283
00539284
00539285
00539286
00539287
00539288
00539289
00539290
00539291
00539292
00539293
00539294
00539295
00539296
00539297
00539298
00539299
00539300
00539301
00539302
00539303
00539304
00539305
00539306
00539307
00539308
00539309
00539310
00539311
00539312
00539313
00539314
00539315
00539316
00539317
00539318
00539319
00539320
00539321
00539322
00539323
00539324
00539325
00539326
00539327
00539328
00539329
00539330
00539331
00539332
00539333
00539334
00539335
00539336
00539337
00539338
00539339
00539340
00539341
00539342
00539343
00539344
00539345
00539346
00539347
00539348
00539349
00539350
00539351
00539352
00539353
00539354
00539355
00539356
00539357
00539358
00539359
00539360
00539361
00539362
00539363
00539364
00539365
00539366
00539367
00539368
00539369
00539370
00539371
00539372
00539373
