00310010
00525435
00525436
00525437
00525438
00525439
00525440
00525441
00525442
00525443
00525444
00525445
00525446
00525447
00525448
00525449
00525450
00525451
00525452
00525453
00525454
00525455
00525456
00525457
00525458
00525459
00525460
00525461
00525462
00525463
00525464
00525465
00525466
00525467
00525468
00525469
00525470
00525471
00525472
00525473
00525474
00525475
00525476
00525477
00525478
00525479
00525480
00525481
00525482
00525483
00525484
00525485
00525486
00525487
00525488
00525489
00525490
00525491
00525492
00525493
00525494
00525495
00525496
00525497
00525498
00525499
00525500
00525501
00525502
00525503
